1.000000000 -0.000000000 0.000000000 0.000000000 -0.000000000 1.000000000 0.000000000 0.000000000 0.000000000 0.000000000 1.000000000 0.000000000
0.999990702 -0.002693518 -0.003375510 0.005756289 0.002686502 0.999994218 -0.002081284 -0.003043056 0.003381097 0.002072196 0.999992132 0.685921490
0.999971807 -0.001565543 -0.007342651 0.000654845 0.001538730 0.999992132 -0.003655943 -0.003772053 0.007348317 0.003644542 0.999966383 1.374767184
0.999942482 -0.001289678 -0.010646462 -0.020700922 0.001233433 0.999985278 -0.005287827 -0.004223314 0.010653125 0.005274392 0.999929368 2.075853348
0.999875963 -0.000013598 -0.015748775 -0.030245170 -0.000077012 0.999983370 -0.005752831 -0.007720854 0.015748592 0.005753331 0.999859452 2.807830095
0.999796331 -0.001124172 -0.020149961 -0.040030234 0.001001944 0.999980986 -0.006074984 -0.011314741 0.020156408 0.006053556 0.999778569 3.556355715
0.999699414 0.000779291 -0.024510821 -0.065881774 -0.000959491 0.999972522 -0.007340967 -0.016430460 0.024504427 0.007362277 0.999672651 4.318953514
0.999557197 0.003430919 -0.029559387 -0.088826314 -0.003677749 0.999958813 -0.008299975 -0.014323790 0.029529691 0.008405013 0.999528587 5.093322277
0.999431670 0.003746450 -0.033501130 -0.119870067 -0.003966791 0.999970913 -0.006513097 -0.023820436 0.033475749 0.006642288 0.999417484 5.886859417
0.999271631 0.002686872 -0.038063608 -0.145249188 -0.002843114 0.999987662 -0.004051200 -0.024299674 0.038052250 0.004156468 0.999267101 6.692781925
0.999139607 0.002201525 -0.041414253 -0.175993621 -0.002242591 0.999996960 -0.000945150 -0.033871617 0.041412048 0.001037212 0.999141634 7.510859489
0.999025941 0.003870034 -0.043958865 -0.210775182 -0.003939344 0.999991059 -0.001490175 -0.042023227 0.043952707 0.001661892 0.999032259 8.333969116
0.998922408 0.003411303 -0.046286017 -0.248545647 -0.003494550 0.999992430 -0.001717733 -0.047730803 0.046279818 0.001877631 0.998926699 9.149810791
0.998855889 0.000281269 -0.047820747 -0.281296313 -0.000382319 0.999997795 -0.002103960 -0.052800149 0.047820039 0.002119835 0.998853743 9.985547066
0.998762488 0.000228051 -0.049733356 -0.321688712 -0.000294472 0.999999106 -0.001328217 -0.057739630 0.049733005 0.001341219 0.998761594 10.833152771
0.998692989 -0.001185273 -0.051098149 -0.363623083 0.001090508 0.999997556 -0.001882419 -0.059662603 0.051100254 0.001824235 0.998691857 11.687653542
0.998574018 0.000702900 -0.053380448 -0.407999933 -0.000915029 0.999991894 -0.003949571 -0.072901309 0.053377241 0.003992783 0.998566449 12.567512512
0.998529017 0.001415705 -0.054202992 -0.458588302 -0.001786050 0.999975324 -0.006784726 -0.077976175 0.054192055 0.006871553 0.998506904 13.439458847
0.998433650 0.004909711 -0.055732455 -0.510603726 -0.005372979 0.999952197 -0.008165572 -0.091183178 0.055689711 0.008452231 0.998412371 14.309094429
0.998373985 0.006030783 -0.056683604 -0.565080404 -0.006472392 0.999950051 -0.007610421 -0.103730991 0.056634873 0.007964923 0.998363197 15.195889473
0.998267531 0.005220131 -0.058605883 -0.610929906 -0.005578771 0.999966681 -0.005957566 -0.119241543 0.058572832 0.006274193 0.998263419 16.122709274
0.998204470 0.005861455 -0.059610434 -0.661579013 -0.006122968 0.999972463 -0.004205338 -0.129905254 0.059584145 0.004562780 0.998212814 17.031190872
0.998164356 0.005229472 -0.060335297 -0.713647783 -0.005495991 0.999975860 -0.004252206 -0.140450984 0.060311601 0.004576003 0.998169065 17.946165085
0.998063326 0.004703531 -0.062026571 -0.773575068 -0.005038448 0.999973595 -0.005244271 -0.151415482 0.062000256 0.005546633 0.998060703 18.868036270
0.997987032 0.003430428 -0.063328087 -0.819635630 -0.003800803 0.999976337 -0.005728974 -0.164328277 0.063306950 0.005958138 0.997976363 19.786003113
0.997952044 0.003528539 -0.063870646 -0.871338069 -0.003773167 0.999985993 -0.003709829 -0.174556673 0.063856676 0.003943226 0.997951329 20.710332870
0.997946382 0.004932950 -0.063864633 -0.927298188 -0.004962188 0.999987602 -0.000299208 -0.184325770 0.063862376 0.000615501 0.997958541 21.654356003
0.998009205 0.005659284 -0.062815435 -0.988756120 -0.005451476 0.999979019 0.003479128 -0.191871285 0.062833823 -0.003129764 0.998019040 22.615142822
0.998120964 0.004409513 -0.061115704 -1.045675874 -0.004029506 0.999971807 0.006339684 -0.196564570 0.061141934 -0.006081506 0.998110592 23.546455383
0.998238504 0.004691349 -0.059143186 -1.101752520 -0.004289516 0.999966860 0.006919373 -0.195359543 0.059173688 -0.006653489 0.998225570 24.499010086
0.998332739 0.005017388 -0.057503119 -1.151940107 -0.004771529 0.999978900 0.004412065 -0.205445349 0.057524037 -0.004130332 0.998335660 25.451431274
0.998365521 0.005923197 -0.056842294 -1.200100303 -0.005988728 0.999981523 -0.000982583 -0.201425597 0.056835424 0.001321391 0.998382688 26.407794952
0.998434544 0.004358605 -0.055762157 -1.256657362 -0.004540880 0.999984741 -0.003142495 -0.217521846 0.055747602 0.003390784 0.998439133 27.379249573
0.998499990 0.002084409 -0.054712482 -1.302896738 -0.002204999 0.999995291 -0.002143793 -0.223657250 0.054707762 0.002261218 0.998499811 28.345186234
0.998510301 0.000301416 -0.054561518 -1.352153301 -0.000151114 0.999996185 0.002758818 -0.229462743 0.054562144 -0.002746464 0.998506606 29.324363708
0.998448372 -0.003021854 -0.055604871 -1.395894527 0.003370156 0.999975383 0.006171164 -0.238712341 0.055584855 -0.006348986 0.998433769 30.311901093
0.998343170 -0.010290955 -0.056612149 -1.433159351 0.010633696 0.999926865 0.005756289 -0.246199220 0.056548774 -0.006348748 0.998379707 31.291868210
0.998241544 -0.012403953 -0.057964485 -1.483170033 0.012533774 0.999919653 0.001876637 -0.247180000 0.057936557 -0.002599852 0.998316824 32.278144836
0.998156309 -0.011410948 -0.059613001 -1.535800457 0.011290838 0.999933481 -0.002351290 -0.255904466 0.059635874 0.001673874 0.998218775 33.278450012
0.998052776 -0.010372223 -0.061505564 -1.593128204 0.010194000 0.999942839 -0.003210762 -0.259925604 0.061535355 0.002577523 0.998101592 34.275173187
0.998000860 -0.009899904 -0.062419508 -1.649277687 0.009814933 0.999950409 -0.001667751 -0.275374889 0.062432922 0.001051773 0.998048604 35.285911560
0.997935891 -0.007123062 -0.063822150 -1.709478140 0.007214926 0.999973178 0.001209028 -0.281134784 0.063811816 -0.001667004 0.997960567 36.306755066
0.997879565 -0.006484178 -0.064764440 -1.775426149 0.006656102 0.999974906 0.002439176 -0.286874205 0.064746998 -0.002865082 0.997897685 37.311046600
0.997834086 -0.005626122 -0.065540515 -1.840343475 0.005988103 0.999967873 0.005327894 -0.295485198 0.065508433 -0.005708817 0.997835755 38.318725586
0.997805834 -0.006907989 -0.065845221 -1.899927616 0.007491044 0.999934852 0.008612135 -0.298106879 0.065781452 -0.009086490 0.997792661 39.361854553
0.997831821 -0.000629544 -0.065812483 -1.978696585 0.001364495 0.999937236 0.011122979 -0.297842026 0.065801352 -0.011188665 0.997770011 40.383804321
0.997805595 -0.000500738 -0.066210292 -2.036551714 0.001199747 0.999943972 0.010518077 -0.301959068 0.066201329 -0.010574432 0.997750223 41.382831573
0.997775376 -0.000992368 -0.066658296 -2.085782766 0.001578670 0.999960482 0.008743537 -0.298470587 0.066646993 -0.008829314 0.997737527 42.397434235
0.997829854 0.001414136 -0.065829739 -2.161866188 -0.000989395 0.999978483 0.006484271 -0.298701674 0.065837502 -0.006405067 0.997809768 43.395915985
0.997717798 0.000616435 -0.067518376 -2.215147257 -0.000169706 0.999978006 0.006621955 -0.300197363 0.067520969 -0.006595385 0.997696102 44.405609131
0.997624397 -0.001532501 -0.068872921 -2.274639130 0.002056098 0.999969542 0.007532115 -0.299776137 0.068859272 -0.007655830 0.997597039 45.415843964
0.997568369 -0.001433944 -0.069680020 -2.337120533 0.002041920 0.999960542 0.008654811 -0.303505242 0.069664866 -0.008776045 0.997531891 46.404022217
0.997549474 0.000912866 -0.069958195 -2.398350716 -0.000553398 0.999986589 0.005157533 -0.308123469 0.069961973 -0.005106179 0.997536659 47.385322571
0.997505546 0.002430287 -0.070545368 -2.479801893 -0.002377444 0.999996841 0.000833011 -0.318142086 0.070547163 -0.000663216 0.997508228 48.375171661
0.997445583 0.002392743 -0.071389347 -2.536787987 -0.002412331 0.999997079 -0.000188167 -0.321396410 0.071388684 0.000359901 0.997448444 49.366424561
0.997448087 0.000865589 -0.071389824 -2.597888947 -0.000612505 0.999993443 0.003566904 -0.329544365 0.071392439 -0.003514075 0.997442126 50.348537445
0.997417212 -0.001103633 -0.071816534 -2.660773993 0.001578369 0.999977171 0.006553988 -0.333876580 0.071807668 -0.006650413 0.997396350 51.324504852
0.997387826 -0.003820002 -0.072131537 -2.721856594 0.004369124 0.999962628 0.007456538 -0.342101723 0.072100356 -0.007752211 0.997367263 52.305507660
0.997379482 -0.007008187 -0.072005801 -2.780449867 0.007482194 0.999952137 0.006315283 -0.347573727 0.071958072 -0.006837497 0.997384250 53.264583588
0.997329712 -0.009916416 -0.072355717 -2.843099117 0.010292121 0.999935448 0.004821443 -0.350064456 0.072303221 -0.005553262 0.997367263 54.216896057
0.997248948 -0.011089185 -0.073291063 -2.908076763 0.011567991 0.999914467 0.006111665 -0.357798278 0.073217019 -0.006942682 0.997291863 55.186370850
0.997105479 -0.013954383 -0.074738719 -2.968263149 0.014745942 0.999840736 0.010049645 -0.359438002 0.074586593 -0.011122650 0.997152448 56.182453156
0.997067511 -0.014636259 -0.075114377 -3.032430649 0.015826186 0.999758184 0.015270818 -0.360429883 0.074872710 -0.016414812 0.997057915 57.144123077
0.997043967 -0.012658504 -0.075783484 -3.099543095 0.014008639 0.999752045 0.017310673 -0.356939316 0.075545579 -0.018321127 0.996973991 58.098281860
0.996925116 -0.011716947 -0.077478983 -3.163980484 0.012816988 0.999823749 0.013715933 -0.360588014 0.077304624 -0.014666806 0.996899664 59.033409119
0.996830404 -0.010933266 -0.078800969 -3.231177807 0.011433893 0.999917150 0.005904627 -0.363418281 0.078729898 -0.006786913 0.996872902 59.983303070
0.996773839 -0.009234787 -0.079729170 -3.299817085 0.009342067 0.999955893 0.000972622 -0.364339650 0.079716675 -0.001714320 0.996816099 60.904724121
0.996716797 -0.004876842 -0.080819406 -3.371976376 0.005070113 0.999984860 0.002186347 -0.373977691 0.080807529 -0.002588932 0.996726394 61.811267853
0.996666133 -0.002453290 -0.081550471 -3.446613789 0.002830698 0.999985814 0.004512637 -0.387346864 0.081538245 -0.004728437 0.996658981 62.709724426
0.996563435 0.000313804 -0.082831487 -3.520835638 0.000177225 0.999982417 0.005920621 -0.390006334 0.082831912 -0.005914955 0.996546030 63.618675232
0.996477723 0.000662878 -0.083854944 -3.590063095 -0.000197752 0.999984562 0.005554986 -0.391141653 0.083857328 -0.005518837 0.996462464 64.494308472
0.996350825 0.002705328 -0.085310012 -3.669282436 -0.002173225 0.999977648 0.006329548 -0.396289229 0.085325226 -0.006121052 0.996334374 65.348640442
0.996226072 0.003877443 -0.086709887 -3.738559246 -0.003255656 0.999967933 0.007311164 -0.411750197 0.086735472 -0.007001274 0.996206760 66.207565308
0.996073425 0.003322673 -0.088468954 -3.803685665 -0.002626795 0.999964714 0.007981047 -0.418580830 0.088492356 -0.007717319 0.996046960 67.037139893
0.995954454 0.002737077 -0.089817218 -3.873279810 -0.001963881 0.999960303 0.008695797 -0.414088368 0.089837454 -0.008484228 0.995920241 67.862945557
0.995846808 0.006364129 -0.090822101 -3.952431917 -0.005336709 0.999918997 0.011550810 -0.420393050 0.090888254 -0.011018149 0.995800078 68.685966492
0.995757759 0.007743344 -0.091687515 -4.029182434 -0.006322123 0.999855459 0.015781011 -0.421016932 0.091796473 -0.015134404 0.995662808 69.474937439
0.995553792 0.011013723 -0.093548238 -4.097650528 -0.009435147 0.999805868 0.017300010 -0.418298006 0.093720607 -0.016340449 0.995464385 70.247154236
0.995382845 0.013494579 -0.095030695 -4.173501968 -0.012277335 0.999835014 0.013382040 -0.423635006 0.095195614 -0.012153532 0.995384336 71.024780273
0.995259702 0.013499809 -0.096310697 -4.243020058 -0.012989460 0.999898016 0.005924010 -0.427251250 0.096380852 -0.004644904 0.995333672 71.754455566
0.995114684 0.012594480 -0.097918816 -4.308812141 -0.012655433 0.999919951 -0.000001388 -0.430400431 0.097910948 0.001240587 0.995194316 72.474952698
0.995056033 0.013266402 -0.098424785 -4.378016472 -0.013442493 0.999908984 -0.001126115 -0.435897231 0.098400891 0.002443621 0.995143890 73.176826477
0.994936049 0.016245531 -0.099188127 -4.451768875 -0.016067965 0.999867558 0.002588845 -0.444310427 0.099217050 -0.000981984 0.995065272 73.865600586
0.994823158 0.016448332 -0.100280687 -4.515325069 -0.016021544 0.999858856 0.005059827 -0.461887360 0.100349762 -0.003426981 0.994946361 74.527282715
0.994784296 0.012989557 -0.101170346 -4.576967239 -0.012901789 0.999915600 0.001521798 -0.465389460 0.101181574 -0.000208582 0.994868040 75.170387268
0.994846344 0.005065142 -0.101267941 -4.621307850 -0.005460942 0.999978542 -0.003631604 -0.477553129 0.101247370 0.004165905 0.994852662 75.790489197
0.994958162 0.001178083 -0.100284033 -4.671805859 -0.002039406 0.999961853 -0.008486750 -0.491928637 0.100270204 0.008648482 0.994922757 76.397735596
0.995278120 0.003447932 -0.097002774 -4.726721764 -0.004299031 0.999954164 -0.008566338 -0.502990365 0.096968770 0.008942910 0.995247245 76.992843628
0.995658040 0.008602645 -0.092687629 -4.788023949 -0.009184937 0.999940693 -0.005857550 -0.505517542 0.092631720 0.006683447 0.995678008 77.571334839
0.996109545 0.007148502 -0.087833188 -4.831977844 -0.007398881 0.999969423 -0.002525385 -0.516429424 0.087812446 0.003165429 0.996132016 78.143188477
0.996581912 0.003564804 -0.082532257 -4.854176998 -0.003441177 0.999992728 0.001640107 -0.524517417 0.082537495 -0.001350494 0.996587098 78.686531067
0.997258842 -0.001205523 -0.073982120 -4.883333206 0.001608901 0.999984145 0.005393013 -0.540765524 0.073974460 -0.005497259 0.997244954 79.233444214
0.998014629 0.002546253 -0.062930912 -4.912252903 -0.002212778 0.999983132 0.005368172 -0.546109140 0.062943526 -0.005218261 0.998003423 79.759475708
0.998845339 0.007710554 -0.047418293 -4.939542770 -0.007506980 0.999961853 0.004469747 -0.543535352 0.047450960 -0.004108618 0.998865008 80.274574280
0.999498069 0.012755045 -0.028997488 -4.949389458 -0.012592687 0.999904037 0.005774731 -0.555470228 0.029068355 -0.005406676 0.999562800 80.773864746
0.999908745 0.011672671 -0.006812245 -4.931768417 -0.011627963 0.999910831 0.006565937 -0.559613705 0.006888293 -0.006486125 0.999955177 81.264137268
0.999778032 0.008006332 0.019486118 -4.890884876 -0.008143485 0.999942541 0.006969327 -0.557110786 -0.019429199 -0.007126465 0.999785841 81.737541199
0.998749137 0.007127904 0.049491070 -4.843694687 -0.007557929 0.999935150 0.008507220 -0.560484648 -0.049427230 -0.008870629 0.998738348 82.208480835
0.996522725 0.006852617 0.083040252 -4.785444260 -0.007743121 0.999915838 0.010406455 -0.567814648 -0.082961962 -0.011013260 0.996491849 82.663696289
0.992625713 0.006844111 0.121026561 -4.698087692 -0.008225217 0.999906540 0.010915695 -0.569270253 -0.120940559 -0.011830669 0.992589235 83.120841980
0.986473858 0.007436489 0.163749710 -4.606642723 -0.009351807 0.999896526 0.010928832 -0.570275247 -0.163651496 -0.012312364 0.986441314 83.561386108
0.977928400 0.006405766 0.208842129 -4.474485397 -0.008932969 0.999897838 0.011160067 -0.578756690 -0.208749279 -0.012779324 0.977885664 83.984336853
0.966005921 0.008795461 0.258370131 -4.328805923 -0.011512694 0.999893188 0.009005718 -0.581075907 -0.258263350 -0.011674114 0.966004014 84.403671265
0.950116813 0.009916401 0.311736494 -4.157720566 -0.012447877 0.999903679 0.006131758 -0.585262299 -0.311645687 -0.009706343 0.950148821 84.797332764
0.929646075 0.010696100 0.368298471 -3.965736389 -0.012961023 0.999909222 0.003676461 -0.584547341 -0.368225694 -0.008191332 0.929700375 85.183563232
0.904658914 0.011698617 0.425975889 -3.754516602 -0.013632296 0.999905944 0.001490835 -0.584033072 -0.425918400 -0.007155724 0.904733300 85.541526794
0.874130845 0.012045376 0.485541135 -3.542556763 -0.013667136 0.999906600 -0.000200570 -0.591878653 -0.485498190 -0.006460633 0.874213815 85.872955322
0.840167940 0.010111628 0.542232096 -3.262996674 -0.010310469 0.999943256 -0.002671420 -0.597548664 -0.542228341 -0.003346225 0.840224504 86.196350098
0.802225530 0.009883475 0.596939266 -2.988716125 -0.009549316 0.999947429 -0.003722739 -0.605606556 -0.596944690 -0.002713886 0.802277863 86.489196777
0.761947691 0.008520074 0.647582591 -2.690196991 -0.008459372 0.999959111 -0.003202877 -0.609226584 -0.647583306 -0.003037716 0.761988521 86.753265381
0.718451500 0.007979115 0.695531249 -2.386482239 -0.010044922 0.999948978 -0.001095446 -0.615862548 -0.695504546 -0.006199532 0.718495011 87.000305176
0.673042297 0.007287836 0.739568174 -2.057739258 -0.008823410 0.999959350 -0.001824055 -0.609366536 -0.739551425 -0.005297847 0.673079193 87.221710205
0.625854135 0.006348240 0.779914379 -1.727371216 -0.005793318 0.999977171 -0.003490541 -0.612352550 -0.779918611 -0.002333723 0.625876486 87.417678833
0.576967120 0.003708293 0.816758931 -1.388992310 -0.000567035 0.999991298 -0.004139652 -0.622427523 -0.816767097 0.001925311 0.576964200 87.608154297
0.532154977 0.005901087 0.846626401 -1.023052216 -0.001166163 0.999979854 -0.006236977 -0.620474577 -0.846646190 0.002331734 0.532151163 87.738975525
0.483883381 0.008944420 0.875086725 -0.674880981 -0.005072056 0.999959648 -0.007416150 -0.625414073 -0.875117838 -0.000849938 0.483909160 87.894729614
0.437443435 0.011239129 0.899175644 -0.324298859 -0.006115999 0.999935985 -0.009523172 -0.632437110 -0.899225116 -0.001333509 0.437484175 88.024955750
0.394823492 0.009057916 0.918712378 0.040552139 0.001061632 0.999946237 -0.010315074 -0.635034919 -0.918756425 0.005047968 0.394792676 88.123657227
0.354509234 0.001421554 0.935051382 0.411645889 0.015743662 0.999847949 -0.007489011 -0.643038094 -0.934920073 0.017376054 0.354432911 88.206222534
0.318178535 -0.001894554 0.948028922 0.780572891 0.020303639 0.999782264 -0.004816353 -0.642282844 -0.947813332 0.020780900 0.318147659 88.293922424
0.285440058 0.002214549 0.958393991 1.150672913 0.016860070 0.999831080 -0.007331762 -0.651511252 -0.958248138 0.018251371 0.285354525 88.371582031
0.253915250 0.009840311 0.967176378 1.522333145 0.005944980 0.999913454 -0.011734139 -0.663765669 -0.967208147 0.008729324 0.253834814 88.460578918
0.224760830 0.013908075 0.974314690 1.908693314 0.001322260 0.999892771 -0.014578223 -0.678099275 -0.974412978 0.004564912 0.224718377 88.541076660
0.198843420 0.015825685 0.979903460 2.303670883 0.002288407 0.999859333 -0.016612343 -0.692270160 -0.980028570 0.005545673 0.198779270 88.596389771
0.175040826 0.017295361 0.984409273 2.717100143 0.009725177 0.999766529 -0.019294441 -0.701342940 -0.984513104 0.012950866 0.174831763 88.643112183
0.154702842 0.023754386 0.987675428 3.128943443 0.016538069 0.999508560 -0.026629392 -0.700997353 -0.987822592 0.020453889 0.154233977 88.674942017
0.134408623 0.030957878 0.990442336 3.558814049 0.018401917 0.999261498 -0.033730783 -0.699153066 -0.990755081 0.022759743 0.133739665 88.719505310
0.116366997 0.031774096 0.992697895 4.005026817 0.016511234 0.999288142 -0.033920530 -0.708098471 -0.993068993 0.020337900 0.115759537 88.769134521
0.100931503 0.026845386 0.994531155 4.461551666 0.014054730 0.999497592 -0.028405814 -0.731607556 -0.994794071 0.016844906 0.100503512 88.800849915
0.085995041 0.023594957 0.996016204 4.935305595 0.014264700 0.999587953 -0.024911167 -0.750666380 -0.996193469 0.016350105 0.085623026 88.833160400
0.072598279 0.021409512 0.997131526 5.419146061 0.016793132 0.999601603 -0.022685207 -0.762900114 -0.997219980 0.018391866 0.072209828 88.852478027
0.060864281 0.020524150 0.997935057 5.928552151 0.020546075 0.999550998 -0.021810496 -0.775765240 -0.997934580 0.021831129 0.060415268 88.869712830
0.050402842 0.021252483 0.998502851 6.442442417 0.023847502 0.999462962 -0.022476699 -0.788099766 -0.998444200 0.024944685 0.049868949 88.883453369
0.042588379 0.021777622 0.998855412 6.972064972 0.025586486 0.999410748 -0.022880672 -0.803901315 -0.998764992 0.026531650 0.042006075 88.892013550
0.036885984 0.022084139 0.999075472 7.521240711 0.027938712 0.999342203 -0.023121536 -0.816865742 -0.998928845 0.028765745 0.036244720 88.901100159
0.031437553 0.023420408 0.999231339 8.100181580 0.028416634 0.999300361 -0.024316065 -0.825010717 -0.999101639 0.029159231 0.030750029 88.912658691
0.025453938 0.023968015 0.999388635 8.686342239 0.029050367 0.999272704 -0.024705131 -0.840198338 -0.999253750 0.029661452 0.024739146 88.920410156
0.021178067 0.024124855 0.999484718 9.284957886 0.031493880 0.999196708 -0.024785226 -0.854644120 -0.999279559 0.032002557 0.020401269 88.915962219
0.018030930 0.024250869 0.999543250 9.911052704 0.032863546 0.999151289 -0.024834188 -0.869318485 -0.999297202 0.033296313 0.017218653 88.923133850
0.014755197 0.023514910 0.999614656 10.546808243 0.033483725 0.999151111 -0.023998257 -0.887512207 -0.999330282 0.033824921 0.013955304 88.927383423
0.012281737 0.022942157 0.999661386 11.199707031 0.035666086 0.999090612 -0.023367248 -0.905769467 -0.999288261 0.035941001 0.011452310 88.926391602
0.011739898 0.022949988 0.999667645 11.880007744 0.040241942 0.998915792 -0.023405323 -0.918048382 -0.999121010 0.040503342 0.010803617 88.922119141
0.012875958 0.022859193 0.999655843 12.569442749 0.043614231 0.998774409 -0.023400804 -0.935110450 -0.998965442 0.043900531 0.011863189 88.919639587
0.015341621 0.022740057 0.999623775 13.282399178 0.045282986 0.998699784 -0.023414018 -0.949394703 -0.998856366 0.045625158 0.014291935 88.922790527
0.019309705 0.022721052 0.999555409 14.005128860 0.048251878 0.998555660 -0.023630474 -0.971361160 -0.998648524 0.048686717 0.018185480 88.931007385
0.023634385 0.022059623 0.999477267 14.735280037 0.048292708 0.998564184 -0.023181435 -0.992837727 -0.998553514 0.048815321 0.022535130 88.940330505
0.027627936 0.020393422 0.999410212 15.501696587 0.049682733 0.998528123 -0.021748872 -1.009552360 -0.998382807 0.050254289 0.026574070 88.955268860
0.032041386 0.018758522 0.999310493 16.284118652 0.049654685 0.998559415 -0.020336527 -1.027616143 -0.998252273 0.050272059 0.031063776 88.966690063
0.036306314 0.016616628 0.999202609 17.082366943 0.047206670 0.998717070 -0.018323824 -1.043731332 -0.998224974 0.047834296 0.035475317 88.997337341
0.040328488 0.015403040 0.999067724 17.864294052 0.046006445 0.998792171 -0.017255893 -1.063948870 -0.998126626 0.046659458 0.039571129 89.028472900
0.044169094 0.016415566 0.998889208 18.688074112 0.042783316 0.998916626 -0.018307818 -1.081804991 -0.998107672 0.043544438 0.043418933 89.073013306
0.047997136 0.020469503 0.998637736 19.509218216 0.040845368 0.998913527 -0.022438291 -1.104343414 -0.998011947 0.041866712 0.047108915 89.098861694
0.049355946 0.025526743 0.998455048 20.328655243 0.035509367 0.998996496 -0.027295895 -1.126608253 -0.998149753 0.036801726 0.048399977 89.142623901
0.049219843 0.028366450 0.998385072 21.144199371 0.032662738 0.999016225 -0.029994639 -1.157179475 -0.998253763 0.034086321 0.048244905 89.182044983
0.049335383 0.027829338 0.998394489 21.960384369 0.029767878 0.999126732 -0.029320721 -1.187271357 -0.998338640 0.031166635 0.048463881 89.224212646
0.048413869 0.026275977 0.998481631 22.806423187 0.027266869 0.999246597 -0.027618209 -1.213159919 -0.998455286 0.028562574 0.047660921 89.285675049
0.048540905 0.025024328 0.998507679 23.630565643 0.028207164 0.999253094 -0.026414253 -1.244156837 -0.998422921 0.029447244 0.047798786 89.313240051
0.048518993 0.023943696 0.998535216 24.450298309 0.025161406 0.999366045 -0.025186216 -1.279903173 -0.998505414 0.026346561 0.047885779 89.361930847
0.048694819 0.024596224 0.998510838 25.276384354 0.023848334 0.999383092 -0.025780736 -1.302907705 -0.998528957 0.025068203 0.048078209 89.400146484
0.049407605 0.024990257 0.998466015 26.091400146 0.020544125 0.999449909 -0.026031479 -1.336752295 -0.998567462 0.021798762 0.048867028 89.428741455
0.047629956 0.026392043 0.998516321 26.917797089 0.017753480 0.999470592 -0.027264118 -1.365475893 -0.998707235 0.019025724 0.047136188 89.479690552
0.044697750 0.025626691 0.998671830 27.737541199 0.014835875 0.999543667 -0.026313076 -1.395324230 -0.998890340 0.015992308 0.044297162 89.517257690
0.040953182 0.024675624 0.998856366 28.552589417 0.012074238 0.999609768 -0.025189281 -1.421177864 -0.999088049 0.013092010 0.040639251 89.547058105
0.035770703 0.022384249 0.999109328 29.363540649 0.010235151 0.999688447 -0.022763673 -1.449370861 -0.999307513 0.011040309 0.035530455 89.572639465
0.029570501 0.020003891 0.999362528 30.182279587 0.008005813 0.999762833 -0.020248795 -1.476826191 -0.999530554 0.008599474 0.029403342 89.594589233
0.022155164 0.020190923 0.999550581 30.994117737 0.007949436 0.999760866 -0.020371372 -1.501962185 -0.999722958 0.008397193 0.021989357 89.604827881
0.013495561 0.020875685 0.999691010 31.799833298 0.007000531 0.999755442 -0.020971538 -1.529840469 -0.999884427 0.007281388 0.013346124 89.606719971
0.002909163 0.021375347 0.999767423 32.601634979 0.007159776 0.999745369 -0.021395715 -1.554674029 -0.999970078 0.007220353 0.002755379 89.608222961
-0.007471127 0.020450823 0.999762893 33.405460358 0.008420271 0.999756694 -0.020387765 -1.577176690 -0.999936640 0.008265954 -0.007641510 89.595237732
-0.018562736 0.019126128 0.999644756 34.203727722 0.006720431 0.999796748 -0.019004241 -1.607483506 -0.999805152 0.006365271 -0.018687498 89.576393127
-0.029605351 0.018481443 0.999390781 34.990409851 0.008999517 0.999793470 -0.018222287 -1.628526211 -0.999521136 0.008454558 -0.029765561 89.540603638
-0.040871076 0.018670181 0.998989940 35.775058746 0.009104776 0.999790847 -0.018312652 -1.654046297 -0.999122977 0.008347122 -0.041032515 89.500930786
-0.051991034 0.019520311 0.998456776 36.549682617 0.009103884 0.999776661 -0.019072063 -1.673126221 -0.998605967 0.008098258 -0.052157134 89.455566406
-0.062925033 0.020668400 0.997804224 37.342803955 0.008790249 0.999758184 -0.020154532 -1.697699070 -0.997979581 0.007502723 -0.063091516 89.403121948
-0.073428899 0.021829193 0.997061551 38.108028412 0.009001400 0.999734223 -0.021224795 -1.717429876 -0.997259855 0.007416437 -0.073605880 89.337997437
-0.092526138 0.022973347 0.995445192 39.645034790 0.011499342 0.999691784 -0.022002496 -1.769512177 -0.995643854 0.009411158 -0.092761800 89.183181763
-0.101848975 0.023636604 0.994518936 40.403076172 0.012146104 0.999672711 -0.022515208 -1.788694263 -0.994725645 0.009786381 -0.102102734 89.094551086
-0.110809796 0.022932507 0.993577063 41.129936218 0.013166669 0.999679863 -0.021604940 -1.815339327 -0.993754387 0.010688062 -0.111076266 89.005874634
-0.118634939 0.021852210 0.992697477 41.850879669 0.014645574 0.999687612 -0.020255825 -1.842782855 -0.992829919 0.012135576 -0.118917912 88.919166565
-0.123330995 0.020292591 0.992158175 42.596023560 0.017605392 0.999678314 -0.018257950 -1.865960360 -0.992209375 0.015215567 -0.123648599 88.807090759
-0.127146602 0.018346658 0.991714120 43.310024261 0.020497045 0.999664009 -0.015865821 -1.889568090 -0.991672158 0.018309925 -0.127479926 88.703308105
-0.130035385 0.017611818 0.991352916 44.004947662 0.022261295 0.999642015 -0.014839073 -1.908004284 -0.991259396 0.020139195 -0.130380914 88.606605530
-0.131439000 0.016675379 0.991183937 44.699398041 0.022529583 0.999650419 -0.013830213 -1.929258823 -0.991068184 0.020513132 -0.131768733 88.505966187
-0.132248268 0.017316973 0.991065323 45.370796204 0.023670977 0.999617398 -0.014307735 -1.944915652 -0.990934014 0.021567309 -0.132607579 88.408973694
-0.131407276 0.018047113 0.991164207 46.039230347 0.023933783 0.999600530 -0.015027612 -1.968897820 -0.991039574 0.021747570 -0.131786764 88.321319580
-0.128609791 0.020038472 0.991492748 46.680637360 0.024899093 0.999545932 -0.016971484 -1.983244658 -0.991382718 0.022504574 -0.129050344 88.233375549
-0.123203255 0.020511499 0.992169499 47.271949768 0.025322661 0.999525785 -0.017519124 -2.001892805 -0.992058277 0.022965956 -0.123664238 88.161018372
-0.115393236 0.021140054 0.993094862 47.871814728 0.024848402 0.999522030 -0.018389594 -2.024133682 -0.993008971 0.022554791 -0.115863383 88.096138000
-0.103882797 0.021084942 0.994366050 48.456497192 0.024072265 0.999535739 -0.018679699 -2.044550896 -0.994298220 0.021996146 -0.104342110 88.035087585
-0.090000480 0.021484056 0.995710015 49.017684937 0.023433696 0.999536157 -0.019448483 -2.062419891 -0.995666027 0.021582795 -0.090462178 87.989082336
-0.072876886 0.022669898 0.997083247 49.554706573 0.022235364 0.999530017 -0.021100346 -2.084785461 -0.997093081 0.020632783 -0.073346697 87.959060669
-0.051468790 0.025364509 0.998352408 50.101528168 0.020255286 0.999498248 -0.024349378 -2.104967594 -0.998469174 0.018968681 -0.051956732 87.955596924
-0.026527518 0.028289856 0.999247730 50.630043030 0.018259695 0.999446392 -0.027810732 -2.124520302 -0.999481320 0.017508205 -0.027029397 87.955574036
0.002258770 0.030022481 0.999546647 51.140529633 0.016410882 0.999413431 -0.030055564 -2.147507191 -0.999862790 0.016471328 0.001764748 87.969146729
0.035733204 0.029454187 0.998927236 51.662563324 0.013547788 0.999459386 -0.029954502 -2.167569160 -0.999269485 0.014603623 0.035314843 88.008361816
0.074089646 0.026646132 0.996895492 52.164066315 0.012532324 0.999539196 -0.027648192 -2.197045088 -0.997172892 0.014541860 0.073721558 88.066497803
0.116172068 0.023269402 0.992956400 52.662845612 0.011459866 0.999627590 -0.024766490 -2.206857681 -0.993162990 0.014256324 0.115862139 88.154548645
0.161780849 0.018826673 0.986647069 53.155654907 0.008729253 0.999751568 -0.020508060 -2.225565195 -0.986788094 0.011930504 0.161576301 88.264274597
0.210827857 0.014540242 0.977414966 53.633090973 0.004302049 0.999865830 -0.015802171 -2.253416538 -0.977513731 0.007536429 0.210737035 88.397323608
0.262604684 0.013961905 0.964802384 54.100418091 0.000944864 0.999891162 -0.014726859 -2.254047394 -0.964903116 0.004778951 0.262562931 88.561866760
0.317787200 0.013873022 0.948060453 54.547760010 0.000853850 0.999888361 -0.014917628 -2.264640808 -0.948161662 0.005550133 0.317739934 88.748840332
0.372183979 0.014311953 0.928048611 54.947578430 0.002615431 0.999860942 -0.016468301 -2.284133196 -0.928155303 0.008556484 0.372094780 88.999610901
0.433036357 0.017417647 0.901208103 55.353302002 0.003721839 0.999770164 -0.021110926 -2.300173044 -0.901368678 0.012495949 0.432871997 89.229751587
0.493790269 0.020654652 0.869335651 55.734519958 0.005110220 0.999631643 -0.026653022 -2.318486929 -0.869565964 0.017603498 0.493502825 89.484573364
0.548176050 0.025560150 0.835972369 56.039474487 0.001739046 0.999495864 -0.031700294 -2.316896915 -0.836361170 0.018831134 0.547855258 89.815780640
0.605622768 0.028557511 0.795239329 56.377449036 -0.001665419 0.999399126 -0.034620687 -2.326269150 -0.795750201 0.019642668 0.605306447 90.123962402
0.660342395 0.028236488 0.750433683 56.693931580 -0.002806919 0.999378681 -0.035133574 -2.353615046 -0.750959516 0.021093776 0.660011292 90.445823669
0.710791171 0.026354896 0.702909231 56.996902466 -0.003090550 0.999405324 -0.034346513 -2.369065285 -0.703396380 0.022240821 0.710449815 90.803802490
0.757200956 0.024159610 0.652735174 57.232841492 -0.005835061 0.999526024 -0.030226430 -2.371905804 -0.653155923 0.019078726 0.756982982 91.148864746
0.800187886 0.018701075 0.599457860 57.472038269 -0.006114756 0.999716163 -0.023025503 -2.386786699 -0.599718273 0.014759187 0.800075173 91.531356812
0.838560522 0.016047955 0.544572115 57.695842743 -0.008291719 0.999826133 -0.016695788 -2.395800591 -0.544745326 0.009484984 0.838547885 91.936882019
0.871351719 0.012512474 0.490499198 57.898715973 -0.008814294 0.999912560 -0.009849213 -2.402552128 -0.490579605 0.004258717 0.871386051 92.353111267
0.897892237 0.011547229 0.440063596 58.062110901 -0.011121866 0.999931872 -0.003545408 -2.422543287 -0.440074593 -0.001710934 0.897959590 92.778404236
0.919044971 0.013099035 0.393934786 58.210693359 -0.014200300 0.999899209 -0.000119307 -2.429757118 -0.393896639 -0.005484344 0.919138432 93.218650818
0.935214639 0.019191710 0.353560686 58.346405029 -0.021423290 0.999767601 0.002398802 -2.434089661 -0.353432417 -0.009817828 0.935408592 93.673767090
0.947766900 0.022727326 0.318152636 58.469062805 -0.024485195 0.999698997 0.001526869 -2.435570955 -0.318022192 -0.009237146 0.948038280 94.132713318
0.957611203 0.024714759 0.287001580 58.584953308 -0.026297892 0.999652743 0.001661931 -2.434645891 -0.286860853 -0.009139020 0.957928598 94.608772278
0.963959932 0.019175941 0.265355229 58.706935883 -0.020386118 0.999790609 0.001806924 -2.438850403 -0.265265048 -0.007151367 0.964149117 95.092453003
0.968321025 0.015896376 0.249201804 58.833160400 -0.017058861 0.999851286 0.002505762 -2.444063663 -0.249124885 -0.006677480 0.968448400 95.571113586
0.971584678 0.019145526 0.235916376 58.953193665 -0.020226181 0.999793112 0.002161282 -2.445724487 -0.235826164 -0.006871555 0.971771002 96.072158813
0.973627150 0.026143918 0.226642236 59.030353546 -0.027291568 0.999625683 0.001931139 -2.440053701 -0.226506919 -0.008065633 0.973976135 96.543418884
0.974787414 0.033574123 0.220595151 59.134559631 -0.034582399 0.999401689 0.000709260 -2.437319994 -0.220439315 -0.008320089 0.975365281 97.055114746
0.975257397 0.039206766 0.217567876 59.243793488 -0.039620593 0.999211848 -0.002461696 -2.445576191 -0.217492908 -0.006219382 0.976042092 97.565879822
0.975262761 0.041611679 0.217096850 59.354850769 -0.041607816 0.999123514 -0.004590815 -2.463054895 -0.217097610 -0.004555677 0.976139307 98.105339050
0.974884152 0.039501436 0.219181940 59.487846375 -0.038518459 0.999219656 -0.008757939 -2.461727858 -0.219356865 0.000095421 0.975644708 98.649017334
0.973986506 0.038673230 0.223281696 59.620861053 -0.036291443 0.999232292 -0.014762340 -2.477954865 -0.223681167 0.006275102 0.974642098 99.206741333
0.973100483 0.037937239 0.227236167 59.759231567 -0.034187324 0.999206901 -0.020416824 -2.465922832 -0.227830470 0.012099024 0.973625600 99.764739990
0.971869349 0.042591747 0.231637716 59.896957397 -0.038980465 0.999036908 -0.020146992 -2.472818851 -0.232272699 0.010550898 0.972593546 100.340286255
0.970318317 0.045853347 0.237444818 60.036018372 -0.043354370 0.998935819 -0.015738467 -2.488196850 -0.237913787 0.004977052 0.971273482 100.944625854
0.969275713 0.043055382 0.242179334 60.194225311 -0.041654583 0.999072611 -0.010903808 -2.503760815 -0.242424205 0.000480919 0.970170200 101.540664673
0.968431175 0.038284115 0.246323988 60.358978271 -0.038122252 0.999258399 -0.005427602 -2.509760380 -0.246349096 -0.004134165 0.969172299 102.157989502
0.967492104 0.036162347 0.250302881 60.521736145 -0.037208393 0.999307513 -0.000553226 -2.524661779 -0.250149578 -0.008778128 0.968167424 102.796661377
0.966865182 0.031638015 0.253319621 60.693954468 -0.032741360 0.999463856 0.000139841 -2.528625965 -0.253179431 -0.008429236 0.967382610 103.429725647
0.966866672 0.028099770 0.253730476 60.872184753 -0.028258707 0.999596000 -0.003019015 -2.536518812 -0.253712863 -0.004251111 0.967270315 104.067070007
0.967014670 0.028334396 0.253139675 61.046401978 -0.026631594 0.999593794 -0.010151475 -2.542476654 -0.253324509 0.003075110 0.967376471 104.707572937
0.967204690 0.030155027 0.252202392 61.216979980 -0.026711423 0.999497473 -0.017067526 -2.553729534 -0.252590328 0.009771103 0.967524111 105.363426208
0.967822075 0.032885853 0.249477580 61.390876770 -0.028567901 0.999373138 -0.020910081 -2.559521437 -0.250008851 0.013110182 0.968154669 106.035003662
0.968486905 0.031232560 0.247098729 61.572731018 -0.028022334 0.999471188 -0.016498612 -2.569568634 -0.247483373 0.009054405 0.968849778 106.731842041
0.968892515 0.027414905 0.245958924 61.751724243 -0.026104504 0.999622285 -0.008587172 -2.584930420 -0.246101439 0.001899410 0.969242215 107.428787231
0.969487488 0.027907368 0.243547261 61.932231903 -0.028143832 0.999600649 -0.002509312 -2.598683357 -0.243520036 -0.004421607 0.969885826 108.145126343
0.969847441 0.030989982 0.241734371 62.103889465 -0.031165406 0.999509454 -0.003098799 -2.608450651 -0.241711825 -0.004528387 0.970337510 108.861289978
0.970170617 0.036608085 0.239642680 62.275871277 -0.035753310 0.999329329 -0.007914764 -2.615685225 -0.239771679 -0.000889345 0.970828831 109.596977234
0.971111238 0.037747301 0.235623240 62.455894470 -0.035607360 0.999276876 -0.013331931 -2.619889736 -0.235956118 0.004556867 0.971753001 110.335342407
0.972119868 0.036665436 0.231600255 62.637588501 -0.033838343 0.999296486 -0.016168877 -2.634571552 -0.232030183 0.007881118 0.972676635 111.083404541
0.973128259 0.033794016 0.227770418 62.821769714 -0.031242039 0.999402285 -0.014801350 -2.646107674 -0.228134498 0.007287600 0.973602355 111.843399048
0.974057019 0.030089544 0.224293560 63.012004852 -0.027957607 0.999528766 -0.012675610 -2.661150932 -0.224569291 0.006076053 0.974439204 112.621894836
0.974457860 0.029032132 0.222685978 63.197528839 -0.027577963 0.999573171 -0.009637674 -2.675983906 -0.222870722 0.003250279 0.974842608 113.409507751
0.974854767 0.026100216 0.221307218 63.380989075 -0.025153195 0.999658406 -0.007096866 -2.694035053 -0.221416861 0.001351829 0.975178301 114.199905396
0.974967480 0.021468505 0.221308500 63.562232971 -0.020631565 0.999768555 -0.006092976 -2.704127073 -0.221388042 0.001374511 0.975184917 115.015815735
0.975126743 0.022037193 0.220549852 63.751258850 -0.021595301 0.999757171 -0.004414804 -2.711628675 -0.220593572 -0.000457848 0.975365758 115.826629639
0.974848211 0.027426640 0.221175939 63.930885315 -0.026694492 0.999623895 -0.006299265 -2.721266270 -0.221265495 0.000236648 0.975213587 116.651260376
0.974506915 0.034104329 0.221750349 64.114120483 -0.032850020 0.999416590 -0.009343228 -2.741022348 -0.221939653 0.001820538 0.975058675 117.462020874
0.974096596 0.041669108 0.222260043 64.296646118 -0.040178627 0.999129474 -0.011225464 -2.745905399 -0.222534269 0.002004583 0.974922955 118.277420044
0.973106980 0.047730334 0.225354359 64.479476929 -0.046529289 0.998860240 -0.010640824 -2.758739948 -0.225605354 -0.000130913 0.974218786 119.112129211
0.972307265 0.049917676 0.228312835 64.669609070 -0.049302764 0.998748541 -0.008399737 -2.775347710 -0.228446394 -0.003089328 0.973551631 119.945739746
0.971678853 0.051204927 0.230690390 64.871459961 -0.050482664 0.998684049 -0.009036368 -2.795263290 -0.230849490 -0.002865415 0.972985268 120.783866882
0.971195698 0.049275871 0.233132541 65.065826416 -0.047662560 0.998784602 -0.012552115 -2.798638821 -0.233467683 0.001078866 0.972363949 121.614685059
0.971214116 0.043183222 0.234261379 65.281372070 -0.041736521 0.999066591 -0.011132123 -2.817200661 -0.234523445 0.001034421 0.972109854 122.451271057
0.971420467 0.036639202 0.234520227 65.503585815 -0.034690391 0.999320805 -0.012431177 -2.841829777 -0.234816387 0.003940304 0.972031713 123.285331726
0.971058607 0.036309216 0.236065403 65.705108643 -0.034385659 0.999333322 -0.012261572 -2.862287521 -0.236353233 0.003789441 0.971659780 124.114540100
0.970601737 0.038728893 0.237554982 65.909164429 -0.037503798 0.999249756 -0.009675985 -2.874945641 -0.237751469 0.000482315 0.971325874 124.942832947
0.970258951 0.040217437 0.238704890 66.116531372 -0.040406205 0.999174893 -0.004104507 -2.885169983 -0.238672987 -0.005662723 0.971083522 125.782058716
0.969851553 0.043726526 0.239741534 66.321838379 -0.045227971 0.998976350 0.000761844 -2.908280849 -0.239462823 -0.011581898 0.970836401 126.627861023
0.969514668 0.043702871 0.241104603 66.521514893 -0.043599576 0.999032438 -0.005765781 -2.924384594 -0.241123319 -0.004922049 0.970481992 127.441955566
0.969843686 0.039201647 0.240554407 66.735816956 -0.035271667 0.999165118 -0.020622812 -2.940402031 -0.241161942 0.011516148 0.970416546 128.244033813
0.970165789 0.036889981 0.239619508 66.953369141 -0.030606266 0.999084532 -0.029893473 -2.959419012 -0.240502879 0.021667765 0.970406532 129.053527832
